100 300 6
1 87
1 78
1 16
1 94
1 36
1 87
2 93
2 50
2 22
2 63
2 28
2 91
3 60
3 64
3 27
3 41
3 27
3 73
4 37
4 12
4 69
4 68
4 30
4 83
5 31
5 63
5 24
5 68
5 36
5 30
6 23
6 59
6 70
6 68
6 94
6 57
7 12
7 43
7 30
7 74
7 22
7 20
8 85
8 38
8 99
8 25
8 16
8 71
9 14
9 27
9 92
9 81
9 57
9 74
10 63
10 71
10 97
10 82
10 26
10 85
11 28
11 37
11 47
11 30
11 14
11 58
12 25
12 96
12 83
12 46
13 15
13 68
13 35
13 65
13 44
13 51
14 88
14 77
14 79
14 89
15 85
15 52
15 55
15 100
15 33
16 61
16 77
16 69
16 40
17 27
17 87
17 95
17 40
17 96
17 71
18 35
18 79
18 68
18 98
18 93
18 53
19 57
19 81
19 87
19 42
19 66
19 90
20 45
20 41
20 30
20 32
20 98
21 72
21 82
21 76
21 28
21 68
21 57
22 98
22 54
22 87
22 66
23 84
23 25
23 29
23 72
23 33
24 30
24 71
24 69
24 41
24 50
25 97
25 46
25 47
26 52
26 56
26 80
26 89
26 65
27 29
27 42
28 51
28 94
28 35
29 65
29 88
29 57
29 44
31 92
31 66
31 60
31 37
31 33
32 52
32 38
32 76
32 75
32 59
33 96
33 38
33 36
34 94
34 44
34 77
34 44
34 64
34 39
35 41
35 89
35 70
36 97
36 44
36 71
37 84
37 91
37 100
38 73
38 45
38 91
39 40
39 55
39 87
39 70
39 83
40 43
40 65
40 98
41 56
41 49
42 100
42 44
42 47
42 69
43 62
43 79
43 45
43 66
45 83
45 59
45 63
46 53
46 100
46 80
46 51
47 69
47 72
47 74
48 82
48 95
48 61
48 64
48 100
48 82
49 100
49 97
49 60
49 74
49 69
50 91
50 96
50 67
50 85
51 91
51 85
51 77
52 57
52 80
52 88
53 73
53 60
53 88
53 73
54 56
54 85
54 59
54 70
54 97
55 82
55 93
55 73
55 73
56 86
56 99
56 99
58 91
58 82
58 95
58 80
58 70
59 74
59 77
60 61
60 80
61 94
61 62
61 90
62 99
62 89
62 98
62 64
63 98
63 93
64 97
64 76
65 89
65 95
66 93
66 86
67 78
67 72
67 90
67 89
67 93
70 96
71 83
72 78
72 95
74 79
75 81
75 94
75 80
75 90
75 88
76 84
76 90
76 84
77 79
78 95
78 83
78 92
79 92
81 99
81 86
81 84
84 92
86 90
86 92
86 96
88 99
