100 2160 2
34 28
97 30
63 32
83 87
32 80
20 75
55 3
81 90
39 95
34 59
80 71
6 61
43 70
15 85
46 11
18 73
59 100
35 43
82 21
26 61
40 100
67 94
32 100
83 70
94 69
80 74
39 85
86 33
6 100
18 51
63 87
23 73
86 9
67 29
92 79
20 43
98 66
74 97
100 96
42 68
27 15
58 12
1 43
17 52
12 68
66 98
42 91
36 51
57 54
31 49
85 3
91 82
68 17
30 67
64 71
87 90
38 44
53 90
86 70
93 97
89 59
47 82
1 34
32 57
87 15
57 23
17 100
4 36
68 85
2 31
8 40
72 45
84 25
86 21
46 78
70 86
88 68
67 88
1 99
97 39
65 53
62 81
52 17
68 19
54 69
1 61
9 25
57 44
49 42
16 46
71 37
31 59
4 97
98 4
47 94
95 63
99 56
43 2
24 10
21 77
31 73
37 91
97 45
86 97
38 53
94 9
90 24
19 93
73 16
49 71
62 43
34 60
50 76
13 25
38 33
2 20
58 90
62 6
35 47
3 24
99 96
32 40
72 2
33 44
18 33
14 31
27 47
42 76
75 54
100 64
39 53
35 96
43 48
53 29
94 55
52 44
3 36
84 26
37 68
21 6
100 86
88 26
85 29
53 11
35 4
26 73
57 60
20 51
7 72
31 52
79 34
47 33
21 82
10 58
1 30
15 100
67 3
77 51
31 81
61 17
85 38
89 93
97 60
95 55
84 77
58 14
10 57
98 31
38 7
40 91
88 54
90 54
56 19
57 39
99 69
55 35
7 96
27 55
7 73
10 90
49 19
55 59
75 4
41 65
62 80
55 49
33 96
55 41
66 63
79 17
31 85
51 37
80 30
92 87
2 53
28 51
23 83
61 50
38 1
14 100
32 20
100 16
67 6
56 85
68 86
1 99
71 51
35 2
32 78
88 34
82 16
36 5
50 96
54 87
48 19
38 79
90 38
46 56
43 54
92 11
39 92
61 95
95 63
26 25
50 11
6 17
46 10
18 93
63 57
40 81
94 70
70 83
16 78
78 69
69 88
59 13
48 72
59 94
34 84
18 35
47 24
4 92
85 21
37 100
29 76
80 75
98 2
57 13
31 34
33 51
73 43
15 72
14 73
66 99
9 35
34 55
10 89
98 95
61 34
94 90
10 25
64 59
78 72
71 60
58 55
11 30
49 77
2 63
50 19
13 58
53 46
64 63
86 61
9 47
95 2
36 56
26 51
14 56
74 36
15 31
42 77
61 90
54 14
4 3
32 17
12 36
14 75
98 100
87 6
46 33
59 33
88 37
35 53
92 8
40 58
91 81
35 51
23 88
16 26
42 99
94 53
34 8
79 84
59 17
41 4
50 100
88 89
36 74
94 79
81 33
36 71
66 70
73 88
9 40
65 50
38 59
54 72
66 84
7 24
1 47
79 50
46 18
90 33
91 83
63 71
16 99
94 81
20 66
20 81
58 84
82 95
42 36
18 7
71 24
82 71
71 60
72 68
77 62
1 67
96 63
90 11
13 83
43 85
100 14
65 57
98 46
4 39
33 21
98 4
97 31
26 67
43 50
34 71
63 34
90 58
49 79
21 61
13 15
97 64
29 61
73 26
59 76
16 43
48 65
98 44
96 24
62 90
25 96
60 87
81 49
44 29
79 16
42 43
31 90
59 3
31 36
61 58
3 55
57 20
53 1
67 28
62 56
52 9
15 90
90 16
33 70
46 1
63 89
31 53
47 41
55 29
28 67
86 82
21 94
1 25
94 67
52 8
22 55
16 89
44 57
56 29
27 1
29 41
89 11
93 87
3 99
67 30
17 4
63 38
98 64
14 43
30 66
50 4
72 18
92 16
74 47
44 52
99 24
93 40
34 37
26 88
88 45
69 4
48 31
41 45
94 7
88 76
24 37
79 95
6 22
10 80
20 5
83 18
80 27
57 65
64 35
52 51
79 20
54 26
3 47
71 96
53 10
23 76
46 53
22 4
74 84
35 45
88 17
63 20
44 19
84 59
53 88
61 83
7 14
9 61
12 31
9 16
40 31
43 37
84 65
40 9
48 74
54 87
91 68
58 86
38 42
44 91
29 4
25 87
69 33
100 33
63 8
48 2
38 43
39 73
59 30
34 58
4 87
44 46
6 54
83 43
95 78
85 75
33 10
13 1
42 12
85 57
19 85
10 9
27 100
81 85
30 14
42 85
52 37
82 57
90 64
52 36
41 36
62 25
45 27
77 39
38 62
95 9
46 4
17 24
56 49
60 85
15 53
21 18
41 2
27 83
17 78
18 57
13 32
33 58
58 9
96 47
70 42
55 67
97 23
42 52
24 1
88 38
5 8
55 46
9 33
28 25
10 97
33 23
28 65
32 37
74 27
84 95
20 90
62 16
13 3
68 36
56 55
25 60
63 31
5 23
64 84
100 73
81 84
47 60
1 78
97 26
56 32
20 75
21 33
43 85
88 10
72 43
16 96
54 30
79 11
5 42
94 4
66 26
39 65
86 39
42 34
64 50
17 36
24 37
20 66
74 7
27 45
1 43
93 55
24 71
17 28
64 10
31 81
36 22
45 73
60 39
58 76
88 74
63 11
62 82
29 35
41 55
32 93
49 24
99 73
94 15
52 9
25 35
89 12
56 86
36 67
24 93
42 11
18 56
73 79
38 1
66 30
8 97
22 8
20 21
80 65
35 84
25 11
18 65
22 73
50 57
39 73
1 33
35 18
88 8
49 77
8 66
58 67
62 80
75 33
52 6
49 38
89 25
49 6
89 22
78 91
31 69
63 31
1 50
1 40
57 1
69 16
66 26
83 79
5 57
63 8
62 11
46 51
35 94
8 75
15 38
65 45
6 80
28 58
29 80
49 37
80 17
52 97
43 86
75 99
42 37
7 56
99 52
6 85
97 65
59 63
2 76
60 7
55 87
16 35
18 65
71 97
81 74
93 75
60 19
74 1
55 32
8 5
35 65
89 31
30 99
45 31
26 4
90 32
42 5
66 59
21 88
7 54
62 99
28 73
17 53
73 23
36 33
27 70
97 67
52 26
18 97
57 43
52 98
27 94
2 92
4 75
32 11
28 93
61 7
65 78
60 89
52 47
21 79
17 70
97 68
95 66
16 3
61 68
100 87
13 54
30 16
28 61
26 7
53 87
13 69
16 72
10 67
71 82
97 87
51 46
6 98
11 22
100 23
41 52
9 53
57 39
68 84
99 46
42 4
84 54
24 51
78 33
69 48
15 66
34 17
63 91
14 25
12 66
48 4
17 56
56 25
46 76
60 97
73 1
100 8
54 23
58 31
56 26
78 22
43 63
38 57
54 4
82 17
69 29
73 37
36 28
61 82
55 20
78 79
72 29
86 25
51 95
56 58
73 85
31 67
100 21
24 5
24 5
21 44
33 93
80 20
73 92
1 79
63 30
58 34
58 95
58 61
90 65
18 62
2 1
28 1
21 51
5 44
7 77
39 91
22 70
11 94
61 63
24 23
93 81
8 2
76 17
62 17
82 32
78 35
32 57
87 52
60 43
47 18
19 85
9 92
54 19
37 66
81 61
40 25
41 47
27 68
63 40
84 96
71 13
82 2
22 68
5 81
10 3
98 81
39 58
24 44
76 61
9 21
100 85
13 98
11 81
13 3
16 60
73 29
42 27
50 61
31 82
23 86
31 3
24 89
26 68
16 38
28 76
58 28
61 71
25 23
3 89
25 18
49 50
46 90
76 47
50 58
80 72
95 63
26 19
51 4
38 18
41 65
46 51
44 58
73 21
80 75
9 57
92 57
6 90
46 33
36 48
42 68
71 37
30 49
55 32
4 44
1 96
8 46
46 4
3 18
24 35
92 32
91 36
41 48
25 38
32 12
85 73
79 8
9 8
56 15
39 59
10 40
6 18
37 52
21 40
21 96
74 65
27 16
100 19
63 24
57 94
87 41
18 66
100 79
25 55
45 64
65 55
55 23
72 91
74 44
82 46
39 55
10 17
70 61
36 84
36 92
29 23
84 47
88 36
25 12
90 69
27 7
23 33
29 46
24 54
41 57
51 31
12 61
100 33
73 87
69 9
30 97
31 13
43 70
48 19
33 90
40 12
48 14
44 28
12 19
33 52
76 83
35 87
95 34
71 68
20 39
28 49
36 10
13 30
79 13
49 63
54 40
74 53
53 18
80 64
36 64
16 63
98 50
1 93
35 72
12 54
62 91
54 49
100 66
79 30
30 79
92 83
18 66
35 70
35 66
86 22
29 1
85 27
2 85
71 88
56 34
41 18
24 94
18 75
11 96
4 41
74 47
23 43
12 10
65 98
75 50
20 56
2 4
34 55
88 4
42 96
89 34
65 64
79 82
38 89
30 93
81 55
39 56
98 3
65 14
100 91
63 71
46 64
74 31
18 14
86 11
61 74
44 77
37 22
10 74
62 39
18 43
94 57
98 43
59 14
56 10
4 18
81 2
33 6
84 2
71 70
12 31
43 7
7 32
28 69
57 89
7 75
83 100
31 80
94 89
45 49
98 1
18 30
54 2
36 37
3 6
6 66
37 1
72 95
32 51
63 88
92 22
62 74
73 92
6 67
32 50
67 30
50 37
59 3
38 46
92 41
52 97
58 40
97 30
86 28
32 1
16 23
22 77
97 94
21 2
12 52
3 31
33 53
67 44
7 4
89 98
96 92
47 54
31 43
35 17
23 66
69 90
41 90
66 37
35 38
90 99
90 44
29 74
96 95
17 55
98 6
4 94
97 50
99 80
45 33
48 67
50 16
56 90
5 73
78 91
11 19
89 52
63 69
25 10
63 42
16 13
99 20
58 47
69 56
78 13
40 25
31 89
40 86
31 96
11 8
87 73
79 27
24 93
96 100
2 58
93 18
70 43
89 79
90 57
34 67
22 73
44 4
14 83
42 44
79 52
3 65
24 81
43 99
73 38
98 27
96 91
44 17
33 84
96 74
92 81
93 13
54 36
69 67
18 10
62 48
61 64
64 36
97 7
86 69
44 83
95 91
25 90
60 10
25 55
35 17
87 27
81 92
14 49
10 84
58 71
31 70
35 47
57 31
53 42
51 96
77 98
39 53
39 98
62 64
4 49
80 90
27 60
82 41
9 91
76 18
62 58
88 48
4 96
30 56
38 80
4 14
29 42
66 68
91 80
31 94
28 62
35 54
21 16
46 81
59 21
51 72
79 38
19 82
33 100
90 22
31 93
35 60
86 53
27 76
32 9
21 11
22 55
64 94
23 10
27 81
82 77
52 60
66 22
42 50
21 31
72 51
75 58
62 60
62 40
87 45
48 7
55 21
13 71
15 35
32 41
15 13
17 18
73 82
39 66
83 11
96 54
14 70
64 75
81 25
15 19
70 14
77 24
35 89
46 49
76 77
41 90
90 9
60 14
42 50
79 24
61 74
78 74
95 41
48 27
17 14
97 86
28 73
10 62
13 7
62 88
84 54
30 25
62 89
38 3
38 16
26 50
41 55
23 87
47 23
13 64
88 9
49 15
33 10
28 45
17 41
85 52
94 14
76 55
54 13
57 43
28 35
93 20
41 67
6 88
41 18
3 29
78 3
43 62
65 23
58 33
63 42
84 57
7 59
63 60
23 20
3 2
6 95
21 46
13 26
85 54
95 39
82 24
42 76
85 58
50 94
90 13
36 73
21 42
83 54
5 2
56 58
59 2
78 57
14 3
93 19
49 32
100 72
25 28
8 82
77 1
71 89
88 95
9 82
77 92
35 33
45 42
90 56
43 19
12 8
73 56
27 21
87 78
44 63
5 3
44 34
55 14
74 43
60 83
24 88
26 58
72 22
51 13
77 45
31 40
52 3
96 30
75 34
60 70
97 16
24 40
49 79
6 23
73 17
57 48
5 34
57 76
55 7
89 84
51 71
75 54
26 22
84 52
56 95
74 4
10 97
95 59
27 52
81 99
69 89
46 25
22 2
100 76
8 40
11 10
63 86
64 88
7 99
39 14
93 12
17 2
61 12
12 87
63 44
86 83
32 83
7 53
85 59
81 44
98 91
54 60
28 69
99 35
67 90
48 59
1 17
12 61
28 24
100 42
67 85
77 99
67 83
3 41
83 99
91 26
4 2
53 72
1 39
38 42
39 48
42 55
59 55
34 82
54 27
1 90
3 99
8 86
1 11
78 36
61 20
13 64
22 65
35 74
56 24
15 94
71 8
100 81
14 85
15 67
11 15
8 14
13 16
51 65
26 80
52 86
100 64
1 73
29 35
98 36
10 64
29 80
71 80
12 85
64 26
3 74
40 11
39 4
26 41
21 3
21 72
40 72
36 40
96 16
26 93
51 35
56 31
66 78
62 29
62 25
55 17
50 46
79 41
50 4
81 70
58 53
93 97
76 28
88 71
95 65
63 45
51 70
27 16
48 88
44 61
64 50
77 14
96 7
6 97
10 86
18 67
91 10
15 66
38 54
37 32
18 51
29 68
21 7
35 20
47 31
80 10
32 9
75 27
15 80
75 77
18 92
95 8
2 62
73 91
15 61
22 85
12 2
52 84
61 39
3 7
21 34
16 52
42 43
79 9
22 5
37 91
97 31
98 92
23 88
7 83
61 91
46 15
94 29
75 84
31 81
4 17
48 56
10 90
86 18
64 90
54 86
37 4
35 28
26 22
86 60
35 28
6 49
74 34
75 57
17 55
61 33
2 16
94 44
53 12
59 42
17 64
80 53
67 14
81 44
88 18
4 22
46 61
22 19
46 96
75 62
2 87
46 55
2 40
98 6
3 56
48 71
20 27
24 38
40 56
82 79
73 37
52 70
97 73
88 42
20 15
56 21
1 53
76 55
44 25
60 98
33 59
69 4
85 92
41 77
99 74
7 71
62 59
93 58
83 32
52 3
46 59
75 99
63 2
5 7
27 16
4 11
75 72
14 11
15 6
39 13
32 46
36 93
56 28
3 38
11 6
40 57
64 15
7 26
16 63
84 94
78 40
4 63
17 15
78 75
5 42
6 2
29 50
57 8
52 95
19 9
34 27
72 100
33 50
68 47
85 61
24 65
80 87
33 46
16 59
50 9
16 52
38 66
60 97
69 54
15 78
40 41
1 39
25 2
6 71
87 19
47 62
35 26
100 19
71 67
78 72
76 93
23 65
10 83
61 79
88 28
56 27
68 8
18 45
10 75
15 48
93 13
9 27
38 9
46 60
75 32
2 67
6 66
77 88
79 7
28 6
14 54
25 21
71 69
82 46
84 29
90 96
38 17
86 98
14 45
72 40
76 74
58 34
91 86
21 92
100 26
5 54
51 78
76 19
59 73
54 40
63 2
29 31
39 26
96 35
49 35
63 22
92 96
65 78
68 85
21 68
63 78
21 13
55 48
83 65
21 89
56 35
42 84
65 80
9 12
66 58
98 28
31 89
23 95
18 91
32 91
58 94
68 30
58 74
77 92
90 49
80 46
83 73
29 99
4 90
62 70
99 59
97 29
100 20
76 69
10 59
59 19
52 78
48 61
51 76
52 93
25 84
90 59
56 18
10 60
59 71
81 57
82 77
38 81
48 13
49 9
71 60
27 74
37 74
34 88
50 85
32 26
68 21
36 76
90 97
87 49
20 67
57 1
95 94
33 43
58 81
51 80
40 30
53 77
3 38
16 4
23 47
81 42
67 17
69 8
13 55
56 32
73 65
84 68
58 16
62 68
97 64
47 88
93 100
16 48
89 83
3 11
29 84
5 47
100 73
55 64
80 62
48 52
26 31
71 36
47 84
3 95
48 49
82 92
100 50
91 89
32 94
51 13
77 7
59 28
80 65
91 11
79 38
62 56
69 85
43 67
68 45
61 67
46 94
59 97
43 1
37 75
94 40
87 70
46 97
49 77
14 40
87 44
29 1
51 49
85 94
15 52
90 75
19 87
69 29
84 63
81 72
37 75
11 75
96 9
24 45
37 89
36 76
32 64
76 82
13 60
75 27
63 17
54 33
3 74
13 86
36 94
10 25
68 72
51 15
80 74
59 69
62 46
44 45
10 19
79 74
30 53
52 92
21 5
77 24
30 89
61 66
82 70
90 49
42 92
16 73
66 26
41 79
72 36
76 33
54 6
35 58
9 79
79 66
55 2
95 43
14 60
25 84
1 25
77 93
40 1
10 66
42 40
89 29
15 21
35 20
78 69
78 38
47 56
3 53
9 98
96 22
9 72
57 10
96 33
54 88
34 15
5 27
54 93
55 21
13 89
40 42
10 69
79 56
24 82
9 84
31 56
6 39
27 62
48 74
47 53
61 80
67 65
58 73
57 12
45 21
53 36
14 62
5 93
69 80
26 29
64 56
84 69
94 10
82 94
36 28
46 96
59 65
61 16
89 69
28 33
42 32
20 55
93 24
99 61
4 24
90 19
79 25
39 25
35 20
18 70
100 15
17 58
31 29
74 19
98 53
3 91
84 23
45 28
98 44
40 53
67 29
71 98
54 9
74 40
81 43
61 80
57 29
89 40
58 14
58 7
18 13
97 1
87 93
80 84
36 20
37 55
100 59
4 53
68 77
44 100
71 56
79 27
85 19
18 42
33 76
100 50
40 96
3 26
40 82
61 76
53 97
82 53
8 37
57 27
13 53
26 35
8 56
61 44
74 79
85 58
6 36
8 97
83 62
22 23
95 82
50 48
31 52
38 67
8 64
31 12
89 65
20 96
77 63
69 7
100 27
64 87
86 60
70 99
33 92
93 15
41 92
97 71
43 86
89 3
49 71
14 89
35 85
36 63
100 4
70 51
82 85
37 19
45 6
17 29
97 10
95 37
1 91
59 96
76 99
98 76
69 63
16 55
48 51
18 47
7 39
97 88
23 33
59 19
91 75
48 87
36 42
76 89
85 86
84 60
85 81
88 53
95 3
60 42
6 77
40 12
67 36
51 89
21 9
60 11
84 59
49 19
52 24
59 36
62 42
48 46
74 35
50 69
89 9
10 94
37 2
5 3
89 8
44 9
16 55
71 51
13 72
22 64
47 80
52 8
22 99
5 95
85 55
15 73
15 77
19 4
78 75
58 66
82 1
27 98
55 49
100 19
20 21
35 67
1 86
26 22
36 31
68 72
37 83
96 3
59 14
6 88
41 64
53 22
16 79
71 23
80 71
41 99
91 27
17 43
64 43
64 51
25 84
22 61
18 63
28 31
21 15
23 84
67 45
99 98
67 21
77 89
14 27
80 40
96 74
56 38
38 6
14 73
28 74
90 45
88 17
27 8
31 50
43 49
46 94
98 12
14 26
1 79
53 32
71 48
57 26
37 94
31 50
18 10
75 59
54 14
75 33
74 57
34 16
58 79
9 7
42 75
33 94
5 85
77 75
84 34
100 72
79 83
73 97
92 99
7 98
12 34
30 37
90 63
5 99
93 65
6 86
91 38
80 96
74 8
70 9
41 22
80 72
56 52
68 47
2 26
44 13
59 25
2 1
39 6
99 83
22 56
69 13
45 48
60 18
7 29
26 48
2 57
19 57
60 38
56 61
63 51
26 22
76 27
22 66
84 72
49 57
28 17
69 72
16 28
42 22
9 19
8 10
11 15
16 17
18 21
22 23
25 28
29 30
35 37
38 39
40 41
42 45
47 48
50 51
52 53
54 55
61 63
64 65
66 70
72 75
78 79
81 82
83 84
86 88
89 92
93 95
96 98
99 100
